   0.0000000e+00  -1.2808576e-14   0.0000000e+00   2.0880974e-53   0.0000000e+00  -7.7842799e-18
  -1.0788234e-02  -6.0217494e-02   5.0336769e-02  -3.4367023e-04  -4.9404192e-04  -3.4231177e-05
   1.9866213e-02  -1.2744730e-02   6.6357571e-02  -7.6626881e-04   1.0661849e-05   2.4595447e-04
   1.3160985e-02  -1.7706735e-02  -3.2768814e-02   1.2948784e-04   2.9873881e-04   5.4656658e-05
   1.3836961e-02  -5.5132383e-02   2.1658858e-02  -2.7115745e-04   3.8777280e-04   9.0630395e-05
  -5.0177190e-03   3.2089718e-02  -7.0516684e-02   3.7543728e-04   4.1900996e-05  -4.9029675e-06
  -1.1878176e-02  -8.2751985e-02   3.6195132e-02  -8.4650118e-04  -4.5659466e-04   1.8182566e-04
  -7.8886572e-03   2.9600355e-02   1.2600277e-01  -1.7865392e-03  -2.5010085e-04   1.3537724e-04
   1.2479943e-02  -4.6654670e-02   1.5346199e-02  -1.0836610e-04  -3.9866220e-04   4.1027859e-04
   9.8674722e-03  -2.6411102e-02   1.0527735e-01  -7.2878803e-04  -2.9160690e-04   2.4115253e-04
   2.1545223e-02   7.6980649e-04   1.0813431e-01  -5.6817525e-04  -1.4145073e-04   3.9646706e-04
   9.6098481e-03  -8.8755479e-02   9.7320798e-02  -1.7512216e-05  -4.0759850e-04   3.3800502e-04
   6.5441871e-03   3.5864032e-02   4.6890402e-02  -2.7014395e-05  -3.1678248e-04   3.4424014e-04
   6.7648077e-03  -2.3679185e-02  -3.0569029e-02   7.7753051e-04  -3.7408195e-04   3.3049418e-04
  -4.4787010e-03  -2.2822779e-03   1.2431165e-01  -9.3369901e-04  -2.0865781e-04   1.0859216e-04
  -6.7955332e-03  -2.9371133e-03   1.2641738e-01  -9.3960497e-04  -4.0821914e-04   1.8124429e-04
  -2.3540555e-03  -6.2010997e-02   1.6363234e-01  -1.1750741e-03  -3.4029032e-04   2.4872021e-05
   1.1327403e-02   6.0218195e-03   1.6831104e-01  -1.7668975e-03   2.6712092e-05   2.3866836e-04
   1.6006734e-02  -4.4680945e-02   1.0137418e-01  -6.1127546e-04  -1.7264373e-04   3.1933724e-04
   2.0270394e-02  -1.2124974e-02   1.0229731e-01  -8.7787044e-04  -2.3507846e-04   4.3368025e-04
   2.0703575e-02   5.4055322e-02   9.1177455e-02  -1.3929536e-03   1.2879348e-04   3.4466738e-04
   1.4725478e-02  -1.2161840e-02   6.7849563e-02  -8.0676876e-04   1.2429245e-04   2.1953393e-04
   2.5283460e-02   2.3198969e-02   1.1047914e-01  -1.3069240e-03   2.0687332e-04   3.0300131e-04
   1.7215792e-02   1.0690647e-02   1.0770769e-01  -9.1298200e-04   1.6903009e-04   1.5885141e-04
   1.4292803e-02  -6.0174217e-02  -5.7144751e-02   1.4120037e-03   2.0861610e-06   2.3600488e-04
   1.4714712e-02   1.5412130e-01  -4.8674500e-01   3.5684369e-03   6.0465630e-04   1.8664990e-04
   2.1150065e-02   5.5255566e-02  -2.5015570e-01   1.5967655e-03  -5.4147015e-05   6.0217972e-04
   1.8201403e-02   1.2731549e-01  -2.3518360e-01   1.1665959e-03   3.1965753e-04   4.0663989e-04
   1.3520131e-02   5.8250745e-02  -2.5305000e-01   1.7705386e-03  -8.3322815e-05   4.2018626e-04
   1.9913560e-02   1.0963366e-01  -2.1524814e-01   9.1221640e-04   2.0067337e-04   4.8602932e-04
  -2.0708136e-01  -2.7021163e-02  -3.2927156e-01   9.7710162e-04  -3.4784467e-03  -6.4330824e-03
  -7.9208207e-01  -1.9377127e-01  -2.7121681e-01  -5.2457526e-04  -3.0518713e-03  -1.3987018e-02
  -3.7117220e-01   7.5196496e-02  -9.0291123e-01   6.0279583e-03  -1.9649186e-03  -4.6777913e-03
   9.3355746e-01  -2.8429267e-01  -5.7455195e-01   1.6807049e-03   5.2930179e-03   9.2684236e-03
   5.9301756e-01  -7.2279252e-02  -4.7971207e-01   2.2223911e-03   3.8430628e-03   5.7952868e-03
   4.5789496e-01  -1.2222353e-01  -4.7979524e-01   2.6160897e-03   2.9822656e-03   4.4888655e-03
   3.7300219e-01   1.1158151e-02  -3.9104687e-01   1.7450010e-03   2.4619634e-03   3.6298664e-03
   3.5537679e-01  -9.2433312e-02  -3.8889353e-01   2.1939154e-03   1.8769362e-03   3.5313897e-03
   3.3790570e-01  -3.1180364e-03  -3.9126084e-01   2.3599479e-03   1.9281342e-03   3.3139610e-03
   3.3446705e-01  -5.7928051e-02  -4.2489114e-01   2.6508710e-03   1.7799654e-03   3.5442424e-03
   3.2217487e-01  -2.5830954e-02  -4.2250222e-01   3.2277940e-03   1.6057144e-03   3.4374599e-03
   3.0590597e-01   8.5015441e-04  -4.5170159e-01   2.9628506e-03   1.6772793e-03   3.3352051e-03
   3.2777960e-01  -7.5715131e-02  -4.0339754e-01   2.5079450e-03   1.7174609e-03   3.5861055e-03
   3.0975303e-01   4.6963286e-03  -3.3703618e-01   1.3713302e-03   1.6820245e-03   3.2747821e-03
   3.1569675e-01  -7.7114497e-02  -3.6240356e-01   2.2328489e-03   1.5782000e-03   3.4940540e-03
   3.1705500e-01  -2.7556446e-02  -3.1223065e-01   1.5319185e-03   1.6507013e-03   3.4483188e-03
   3.0541335e-01  -5.3256117e-02  -3.4668891e-01   1.8211255e-03   1.4969020e-03   3.2775756e-03
   3.0559178e-01  -7.6147645e-02  -3.5524511e-01   2.5149776e-03   1.5546185e-03   3.2779333e-03
   2.8646092e-01   1.9855571e-02  -3.3656778e-01   2.0096785e-03   1.3963792e-03   2.9912747e-03
   2.8527589e-01  -9.1607177e-02  -3.6688536e-01   2.4867134e-03   1.5900435e-03   2.9264177e-03
   2.8876821e-01  -1.2402581e-02  -3.1616724e-01   1.5548639e-03   1.5192006e-03   2.9702448e-03
   2.6456385e-01   3.1155510e-02  -3.3371234e-01   1.8270165e-03   1.4591098e-03   2.5369829e-03
   2.9052845e-01  -6.6847119e-02  -3.4867119e-01   2.5328771e-03   1.4404756e-03   2.8591659e-03
   3.0537822e-01   2.5522647e-02  -2.7418612e-01   1.1500579e-03   1.7745484e-03   2.9393749e-03
   3.0088459e-01  -4.9933573e-02  -3.5676909e-01   2.6862950e-03   1.4243979e-03   2.9753434e-03
   3.0975085e-01  -3.1990812e-02  -3.2494018e-01   2.0663819e-03   1.5561863e-03   3.3861432e-03
   2.5633389e-01   6.1078494e-02  -3.0332405e-01   9.3934898e-04   1.4782322e-03   2.8671499e-03
   2.6104172e-01  -8.3737273e-02  -3.3748162e-01   2.2868250e-03   1.2040459e-03   2.9283601e-03
   2.6725791e-01  -2.2342429e-02  -3.0564612e-01   1.9207872e-03   1.3127332e-03   3.0055821e-03
   2.4997784e-01  -1.6558064e-02  -2.6834588e-01   1.4700876e-03   1.3420961e-03   2.7085869e-03
   2.5851544e-01  -9.2989295e-02  -3.1954682e-01   2.6711045e-03   1.4157526e-03   2.7801077e-03
   2.6589948e-01  -2.2401980e-02  -3.0858238e-01   2.4384664e-03   1.4139009e-03   2.9314680e-03
   2.5641665e-01  -2.4787125e-02  -2.8884473e-01   1.9668064e-03   1.6075049e-03   2.7338033e-03
   2.6088854e-01  -7.2856025e-02  -3.3380903e-01   3.2963892e-03   1.2747677e-03   2.7837835e-03
   2.7157485e-01   8.4118974e-03  -3.2581383e-01   2.3005701e-03   1.5944469e-03   2.8118352e-03
   2.8376561e-01  -1.0000097e-01  -3.4113557e-01   2.9514854e-03   1.3575792e-03   3.0126255e-03
   2.8817877e-01  -4.1233363e-03  -2.4901362e-01   1.4102094e-03   1.6074354e-03   2.9878760e-03
   2.7833104e-01  -9.3963781e-02  -3.0001305e-01   2.7623142e-03   1.2873787e-03   2.9707519e-03
   2.7670997e-01  -4.3811325e-02  -2.2288397e-01   1.8353777e-03   1.3819123e-03   2.9051789e-03
   2.6332877e-01  -5.0450484e-02  -2.6760402e-01   2.3311748e-03   1.2656538e-03   2.7219091e-03
   2.7159962e-01  -9.8835532e-02  -2.9877727e-01   2.4602416e-03   1.1869348e-03   2.9896698e-03
   2.5605778e-01   1.5313243e-03  -2.6797328e-01   2.0130610e-03   1.3165596e-03   2.8946588e-03
   2.9639710e-01  -9.4374034e-02  -2.9267508e-01   1.6869166e-03   1.6769930e-03   3.1516927e-03
   2.9586628e-01  -3.3075283e-02  -2.7477652e-01   1.8986607e-03   1.4403544e-03   3.1528530e-03
   2.8056211e-01  -4.6539500e-03  -3.4184017e-01   2.2497613e-03   1.5586766e-03   2.8249008e-03
   2.6425082e-01  -9.3406760e-02  -1.9718076e-01  -1.8731528e-04   1.0400171e-03   3.0371939e-03
   2.3718124e-01  -2.4290040e-02  -1.0389062e-01  -1.5332518e-03   8.0107482e-04   2.8394985e-03
   2.2295460e-01  -1.5900900e-01   3.3299149e-02  -2.4617242e-03   1.7041429e-04   2.9177335e-03
   2.0719627e-01  -1.0566503e-01   1.2169994e-01  -3.5742077e-03   3.0021562e-04   2.7540916e-03
   1.8847844e-01  -8.5332548e-02   8.0871378e-02  -2.5576838e-03   2.6477747e-04   2.4539709e-03
   1.8300970e-01  -1.5409280e-01   1.7166727e-01  -3.6385987e-03  -8.5367818e-05   2.4534540e-03
   1.3383832e-01  -8.6124298e-02   2.8051018e-01  -5.8978814e-03  -4.9590089e-04   2.0537102e-03
   1.6971698e-01  -2.3464648e-01   4.2235236e-01  -7.4939274e-03  -7.0703473e-04   2.7999534e-03
   1.8631672e-01  -1.3543704e-01   3.5574849e-01  -6.0509719e-03   4.0948997e-06   2.7493591e-03
   1.7130080e-01  -1.3631148e-01   2.8449291e-01  -5.3410561e-03   9.6239994e-05   2.5875418e-03
   1.9923139e-01  -1.9867886e-01   2.9837088e-01  -5.3323570e-03   4.3321603e-04   2.9140248e-03
   1.8697731e-01  -1.1706967e-01   3.1951783e-01  -5.5826369e-03   6.6319012e-04   2.7273191e-03
   1.7457596e-01  -1.3449422e-01   3.0570650e-01  -4.9946963e-03   4.5857029e-04   2.4458134e-03
   2.0539219e-01  -1.7292334e-01   2.6708948e-01  -4.0984521e-03   4.5631776e-04   2.7281655e-03
   1.7126295e-01  -5.4377667e-02   2.9839656e-01  -5.5984133e-03   5.1404385e-04   2.3413381e-03
   1.9008992e-01  -1.5032720e-01   2.5591289e-01  -4.4051876e-03   3.9424651e-04   2.5632423e-03
   1.9840258e-01  -1.9176714e-02   3.0787308e-01  -5.4901235e-03   1.0439214e-03   2.5405226e-03
   1.7005636e-01   2.1164993e-03   2.8549170e-01  -4.7252879e-03   2.1199360e-03   1.6335884e-03
   2.4813332e-01  -1.8330704e-01   4.5261248e-01  -6.1475313e-03   2.1903033e-03   2.4011510e-03
   2.2502403e-01  -1.1447614e-01   4.5032732e-01  -6.1930920e-03   1.6925135e-03   2.3943858e-03
   1.9094402e-01  -7.7454951e-02   4.7680301e-01  -7.2399690e-03   2.0953863e-03   2.0336194e-03
   1.8464661e-01  -2.1448135e-01   3.6614239e-01  -7.0059127e-03   1.8364510e-03   2.1613659e-03
   1.1785629e-01  -1.4675418e-01   2.7814578e-01  -5.2888693e-03   2.6138573e-03   6.6426115e-04
   1.9984069e-01  -2.3728850e-01   4.7063445e-01  -7.3456985e-03   3.0013377e-03   1.5586519e-03
   1.4887370e-01  -1.7406910e-01   6.5623068e-01  -8.7708021e-03   2.8629997e-03   9.6049177e-04
   1.4201662e-01  -2.4271375e-01   7.1665628e-01  -8.7954062e-03   2.5118922e-03   7.8109242e-04
   1.3165008e-01  -1.9576909e-01   7.1622853e-01  -8.5174316e-03   2.5616916e-03   5.6368908e-04
   9.2688732e-02  -2.1526876e-01   7.0226832e-01  -8.5292419e-03   2.5263021e-03  -3.0496576e-05
   7.4502914e-02  -3.4382693e-01   1.1091843e+00  -1.3369041e-02   1.7953152e-03   4.0015583e-04
   8.5058203e-02  -3.3285034e-01   1.1601257e+00  -1.2880590e-02   1.0088776e-03   4.2148845e-04
   1.0920937e-01  -3.5909136e-01   1.1611834e+00  -1.1551474e-02   3.7314944e-04   7.1807610e-04
   1.2543040e-01  -3.3585072e-01   1.2082176e+00  -1.1526268e-02   2.9510862e-04   1.0287875e-03
   1.0475194e-01  -3.2543683e-01   1.2230702e+00  -1.1081688e-02   3.8100819e-04   7.4800066e-04
   1.0138402e-01  -3.4161728e-01   1.2290825e+00  -1.1096751e-02   3.2532680e-04   7.4377385e-04
   9.6562626e-02  -3.2781761e-01   1.2141566e+00  -1.0862594e-02   4.7984665e-04   5.5098193e-04
   1.0233598e-01  -3.2241399e-01   1.1958859e+00  -1.0704534e-02   5.4626992e-04   6.7735319e-04
   9.5656760e-02  -3.5161106e-01   1.2962278e+00  -1.2628777e-02   2.2470454e-05   1.0323000e-03
   8.7459274e-02  -3.1420167e-01   1.2750137e+00  -1.1974999e-02  -1.0690960e-04   7.5740367e-04
   7.7058049e-02  -2.8882797e-01   1.1985968e+00  -1.1269694e-02  -8.9787689e-05   6.6738674e-04
   9.1140593e-02  -2.4685511e-01   1.1606949e+00  -1.0744297e-02   3.9492836e-04   7.2908150e-04
   1.0233737e-01  -2.4779389e-01   1.0079817e+00  -9.1227079e-03   2.3352094e-04   7.5880301e-04
   1.0246131e-01  -2.3563520e-01   1.0241671e+00  -9.0738231e-03   5.8872705e-05   7.7715298e-04
   1.0155486e-01  -1.9096063e-01   9.8658737e-01  -8.4038338e-03   1.0466262e-04   8.2902643e-04
   1.0737906e-01  -1.5175099e-01   9.2485968e-01  -7.7253571e-03   3.5592414e-04   7.1213846e-04
   1.2664020e-01  -2.3833413e-01   9.5193874e-01  -7.8871422e-03   2.5069490e-04   1.0212582e-03
   1.1944959e-01  -4.5405368e-02   9.1678517e-01  -8.6805783e-03   2.0319092e-04   1.0269936e-03
   1.4725661e-01  -2.0439127e-01   8.8886217e-01  -8.7212579e-03   2.4660372e-04   1.4876880e-03
   1.4399528e-01  -1.8050873e-01   8.4776117e-01  -7.9408975e-03   5.9322545e-05   1.6306553e-03
   1.1859615e-01  -8.1258994e-02   7.6633774e-01  -7.1285236e-03   3.4183642e-04   1.3222050e-03
   9.3674185e-02  -8.3688799e-02   6.5274840e-01  -6.5319112e-03   8.8291138e-04   5.4995315e-04
   1.5077067e-01  -1.9853118e-01   6.3891807e-01  -6.4977170e-03   6.2684621e-04   1.3372926e-03
   1.1178527e-01  -1.0209354e-01   6.0857196e-01  -7.0193755e-03   7.7206653e-04   1.0652108e-03
   1.4803808e-01  -1.0179849e-01   6.7996604e-01  -7.4996848e-03   1.0570852e-03   1.8716632e-03
   1.5853693e-01  -1.2090003e-01   6.5674664e-01  -6.9519234e-03   1.8902883e-03   1.8066833e-03
   1.2637011e-01  -1.7518761e-01   5.7668855e-01  -6.6899726e-03   3.0832264e-03   1.0343176e-03
   9.1708416e-02  -1.7297323e-01   7.0990282e-01  -5.6656304e-03   2.5368989e-03   1.6148337e-04
   5.1596866e-02  -2.0680339e-01   7.8554156e-01  -5.4267291e-03   1.7031312e-03  -2.2792990e-04
   6.4567887e-02  -1.2670624e-01   6.4167922e-01  -3.6183451e-03   1.9972230e-03   6.7236378e-05
   6.3029078e-02  -1.8561479e-01   7.3176020e-01  -4.5948440e-03   2.0845589e-03  -8.3080243e-05
   3.6402072e-02  -1.8564535e-01   7.4111735e-01  -3.4686441e-03   1.4174080e-03  -5.4996460e-04
   5.7247098e-02  -1.6225533e-01   6.6495948e-01  -3.3723132e-03   1.6940699e-03  -3.3581841e-04
   5.7883929e-02  -1.6259131e-01   7.6695432e-01  -4.4247266e-03   1.7971109e-03  -2.6351694e-04
   5.8987898e-02  -1.5913063e-01   6.7433837e-01  -2.9421852e-03   1.5486676e-03  -1.5249277e-04
   4.4092454e-02  -1.2828706e-01   6.1515164e-01  -2.1747537e-03   1.3255374e-03  -3.7875151e-04
   4.7575984e-02  -1.1300646e-01   5.8516918e-01  -2.1747028e-03   1.7126225e-03  -3.4935432e-04
   4.9511985e-02  -9.7406337e-02   5.8046296e-01  -2.1334729e-03   1.6302087e-03  -3.9901579e-04
   6.3752021e-02  -8.9661236e-02   5.5737137e-01  -1.8031654e-03   1.5235328e-03  -9.7971395e-05
   5.6175347e-02  -1.0377308e-01   6.0314848e-01  -2.5573783e-03   1.4320339e-03  -2.4103654e-04
   6.0561559e-02  -9.4440367e-02   5.9080307e-01  -2.2571817e-03   1.5750125e-03  -1.4957518e-04
   5.5186663e-02  -1.1199204e-02   5.9434467e-01  -3.0226609e-03   1.6911268e-03  -3.2952365e-04
   5.7641619e-02  -8.6286641e-02   4.9083133e-01  -1.5524357e-03   1.5775239e-03  -2.8084115e-04
   4.6993866e-02  -1.0238975e-01   5.0657357e-01  -1.4425685e-03   1.5259532e-03  -4.9090368e-04
   4.8484882e-02  -5.9896242e-02   5.3242893e-01  -1.9695716e-03   1.7134653e-03  -5.2464171e-04
   5.1257839e-02  -3.3592054e-02   5.2960788e-01  -2.0186899e-03   1.6429429e-03  -3.9553561e-04
   6.7721730e-02  -1.2560766e-01   4.8333061e-01  -1.0846718e-03   1.4155894e-03  -1.9841810e-04
   6.3316090e-02  -7.5268855e-02   5.3437237e-01  -2.4893247e-03   1.1580136e-03  -4.0056724e-08
   7.1444315e-02  -2.2676786e-03   5.5556033e-01  -2.6819414e-03   1.4698646e-03  -1.9478461e-04
   6.8518250e-02  -5.1414663e-02   4.6699887e-01  -1.8747889e-03   1.3098902e-03  -4.4188818e-05
   7.2837906e-02  -9.6774531e-02   4.8746789e-01  -1.4158176e-03   1.2365179e-03  -1.0917095e-04
   6.9060926e-02  -1.3484208e-02   4.8603635e-01  -1.4151036e-03   1.1741190e-03   5.9001442e-05
   5.8189332e-02  -7.2500882e-02   4.6042306e-01  -5.9881136e-04   1.2302792e-03  -2.3220342e-04
   7.5074391e-02  -6.2447149e-02   4.9839208e-01  -1.1515548e-03   1.4997136e-03  -6.7101150e-05
   8.0229060e-02  -5.3514823e-03   4.6455468e-01  -8.4220193e-04   1.1556318e-03   2.3627953e-04
   7.5244819e-02  -2.5098343e-02   3.4970979e-01   4.4467341e-04   1.0714189e-03   2.6139088e-04
   7.4638484e-02  -2.5982680e-02   3.5233862e-01   8.3501053e-04   8.2472358e-04   3.9718216e-04
   6.6466866e-02   2.7190674e-02   4.2556658e-01  -7.3591405e-04   1.0588332e-03   8.6080796e-05
   8.5244451e-02  -6.5085769e-02   3.8587266e-01   4.1783188e-04   1.1762940e-03   2.9628314e-04
   1.1009841e-01  -1.0974356e-02   4.4610017e-01  -7.4730452e-04   1.6210539e-03   5.8191969e-04
   1.1562532e-01   2.4797775e-02   3.5867155e-01  -3.1553250e-04   1.5820681e-03   6.4666651e-04
   1.1854504e-01  -8.1556641e-02   3.8746306e-01  -8.7680690e-04   1.2396321e-03   8.4302559e-04
   1.0183444e-01  -7.7380067e-02   5.8991487e-01  -2.4288829e-03   1.3375771e-03   6.8756619e-04
   9.1927014e-02  -5.5053377e-02   6.0081774e-01  -2.1330321e-03   1.6860475e-03   3.9250999e-04
   9.6587026e-02  -1.0177140e-01   4.8985234e-01  -1.1590898e-03   1.6399396e-03   5.7869107e-04
   1.1466456e-01  -1.3269588e-01   5.1767222e-01  -1.1253919e-03   1.8160530e-03   5.9984055e-04
   1.0268662e-01  -3.2288324e-02   5.0395320e-01  -1.4679312e-03   1.8249281e-03   4.0222362e-04
   1.1603263e-01  -1.3814796e-01   5.2676694e-01  -1.3745813e-03   1.8284911e-03   5.6219212e-04
   1.1035427e-01  -5.9600113e-02   5.9774441e-01  -2.3015268e-03   1.7363035e-03   4.0443391e-04
   9.8541211e-02  -6.0131759e-02   5.5669371e-01  -2.0744241e-03   1.4929838e-03   4.3413106e-04
   8.8639450e-02  -1.3170722e-01   5.1502506e-01  -1.0723081e-03   1.3579999e-03   3.9515115e-04
   8.2266740e-02  -3.5281325e-02   5.4927785e-01  -1.6973171e-03   1.0772548e-03   4.2222094e-04
