 -1.4455595e-014  0.0000000e+000  0.0000000e+000  0.0000000e+000 -9.6296497e-035 -1.4436310e-016
  1.9967027e-002  4.2260834e-002 -3.1203265e-001  7.0404992e-004  1.1417468e-003 -3.5918641e-003
 -7.1682554e-002  4.0768580e-001  8.7952055e-002 -1.3788355e-002  7.3236438e-004 -2.5800018e-003
 -1.0069666e-001  5.6343907e-001  3.7997631e-001 -1.3176181e-002  1.4894468e-004 -1.4939387e-003
 -1.5110395e-001  6.0969771e-001  3.1500496e-001 -1.0175175e-002  1.5269991e-004 -1.2132059e-003
 -1.9711329e-001  5.7740084e-001  3.1518471e-001 -9.4782647e-003  2.4379903e-004 -2.8983905e-003
 -1.8544364e-001  5.6791483e-001  2.8923292e-001 -8.9950567e-003  3.6640721e-004 -2.2150308e-003
 -1.9297995e-001  5.4822906e-001  1.5159593e-001 -7.9491104e-003 -2.0849434e-004 -2.5735638e-003
 -2.0580434e-001  5.8450782e-001 -4.3408407e-002 -6.4836363e-003  8.7406304e-004 -1.8043343e-003
 -2.5183841e-001  5.6696945e-001 -2.6316091e-001 -7.3610945e-003  5.4577884e-004 -1.7392474e-003
 -3.1437024e-001  4.5526283e-001 -2.3366025e-001 -6.2208533e-003  6.6183245e-004 -2.0623116e-003
 -4.4386147e-001  4.2839559e-001 -1.9170014e-001 -6.5716573e-003 -5.2994046e-004 -2.1798687e-003
 -3.9366967e-001  4.8671980e-001 -1.9219523e-001 -7.0399259e-003  6.5768457e-004 -1.6184814e-003
 -3.9608150e-001  3.5843136e-001 -1.8079810e-001  1.7787429e-003  1.4607424e-003 -1.3814217e-003
 -3.6357416e-001  5.0081180e-001 -1.7510675e-001 -1.9718209e-003  9.8523640e-004 -1.5520860e-003
 -3.6132370e-001  4.9046188e-001 -1.5459229e-001 -2.3861346e-003  1.3716192e-003 -1.6128674e-003
 -4.0959608e-001  5.1573077e-001 -1.8863714e-001 -2.3765506e-003  2.9066279e-004 -2.0044344e-003
 -4.0619707e-001  5.1235692e-001 -2.9286304e-001 -1.5717718e-003 -1.0904720e-004 -2.1839836e-003
 -4.3076771e-001  4.5313653e-001 -3.2226765e-001 -1.0990446e-003  7.8470243e-004 -2.5184368e-003
 -4.9234545e-001  4.9037298e-001 -3.7412782e-001  8.6550627e-004  1.2193937e-003 -2.4088406e-003
 -5.0906509e-001  5.2441805e-001 -4.0771286e-001 -1.9349473e-004  1.1965162e-003 -2.8474007e-003
 -5.2341040e-001  4.7272681e-001 -4.4358454e-001  3.5107968e-004  1.2004030e-003 -3.1911534e-003
 -5.4833780e-001  4.8046653e-001 -5.5045079e-001  3.8821180e-004  1.2999625e-003 -3.3773067e-003
 -5.4053686e-001  4.6617100e-001 -4.9722176e-001  7.5968331e-004  1.0371126e-003 -3.8802696e-003
 -5.6915206e-001  4.6703137e-001 -5.5134739e-001  2.1774913e-003  1.1762130e-003 -3.5929967e-003
 -5.6536213e-001  4.6478305e-001 -5.0512696e-001  6.3214296e-004  1.7299381e-003 -3.9654455e-003
 -5.5534753e-001  4.6358286e-001 -5.6562714e-001  8.8829380e-004  1.6866795e-003 -4.3575260e-003
 -5.5520374e-001  5.0312950e-001 -5.3745067e-001 -2.9596969e-004  1.4343542e-003 -3.9134642e-003
 -6.0081604e-001  5.5216841e-001 -4.7820322e-001 -4.6534822e-004  1.5386580e-003 -2.9240027e-003
 -6.6128217e-001  5.6302981e-001 -4.7051955e-001 -3.0075289e-004  1.0114129e-003 -2.7177714e-003
 -7.1841293e-001  6.5201749e-001 -3.6551003e-001 -1.7749937e-004  2.1694411e-004 -3.0564171e-003
 -7.6439102e-001  6.4701697e-001 -3.8704440e-001 -2.4554704e-004  3.3801340e-004 -3.5715033e-003
 -7.6866161e-001  6.8103325e-001 -3.8697374e-001  3.6178888e-006 -3.9270620e-004 -4.3780397e-003
 -6.5292734e-001  8.6915932e-001 -3.5933637e-001  7.2029380e-003 -1.3035697e-003 -2.4121745e-003
 -6.9548627e-001  9.4691431e-001 -4.0163154e-001 -5.8941405e-003 -8.9501480e-004 -5.2111974e-003
 -6.9368277e-001  9.6327711e-001 -4.3428980e-001 -5.9063395e-003 -9.9402563e-005 -4.5798162e-003
 -6.9545688e-001  9.7064761e-001 -4.7683898e-001 -5.7323891e-003  8.0500308e-005 -5.3728244e-003
 -7.3665192e-001  9.4008767e-001 -4.8576536e-001 -5.4478737e-003  2.9593062e-004 -6.2632209e-003
 -7.2103166e-001  9.4031663e-001 -4.9820922e-001 -4.4829479e-003 -3.4122890e-004 -6.3813058e-003
 -6.7088589e-001  9.4544713e-001 -5.1358183e-001 -3.5814272e-003 -1.1105497e-003 -5.9741405e-003
 -7.1709926e-001  9.8244095e-001 -5.5827253e-001 -3.7759877e-003 -1.2054939e-003 -6.5840327e-003
 -7.1078197e-001  9.6625535e-001 -5.6716678e-001 -3.0928304e-003 -1.4175009e-003 -6.1881808e-003
 -6.7732088e-001  9.2277309e-001 -5.4900915e-001 -1.8776558e-003 -1.8422601e-003 -6.7851122e-003
 -6.8094765e-001  8.9628412e-001 -5.5633245e-001  9.7977749e-005 -2.8909668e-003 -6.3763476e-003
 -5.8387679e-001  7.9403806e-001 -4.6594630e-001  1.0748981e-002 -3.2158091e-003 -4.7753253e-003
 -5.4987053e-001  9.3753619e-001 -4.2983210e-001  1.2140290e-003 -2.6814373e-003 -5.1696075e-003
 -5.5769450e-001  9.3293565e-001 -4.7893027e-001  1.9665445e-003 -2.8544237e-003 -5.5137288e-003
 -4.5942995e-001  6.8980476e-001 -4.3033706e-001 -1.5445878e-003 -2.6118598e-003 -6.6201076e-003
 -4.3842082e-001  7.2197832e-001 -4.4789275e-001 -3.8479587e-005 -2.7081465e-003 -6.4152483e-003
 -4.6797288e-001  7.3023184e-001 -5.2435101e-001  1.8556178e-003 -3.3907779e-003 -7.0773927e-003
 -5.3106085e-001  7.5018978e-001 -6.0885706e-001  4.0780593e-003 -3.3707720e-003 -7.1342550e-003
 -5.4453172e-001  7.6968252e-001 -6.4223166e-001  2.9637460e-003 -2.4447449e-003 -7.4150458e-003
 -5.7415974e-001  8.0257256e-001 -6.1884645e-001  2.0944187e-003 -2.6890756e-003 -7.3792562e-003
 -5.5727933e-001  8.2229743e-001 -6.4853856e-001  2.2395025e-003 -2.9035177e-003 -6.9956669e-003
 -5.8718619e-001  8.0514814e-001 -6.5396652e-001  3.7819097e-003 -3.0164088e-003 -6.9671795e-003
 -5.7522206e-001  8.6294093e-001 -6.4353970e-001  3.8096684e-003 -2.9263152e-003 -6.9454492e-003
 -6.3251886e-001  8.7923994e-001 -6.0140410e-001  4.3019527e-003 -3.1011203e-003 -7.3760782e-003
 -6.6088100e-001  8.8823442e-001 -6.5745272e-001  2.4466106e-003 -2.3757413e-003 -8.8467798e-003
 -6.5142145e-001  8.7849702e-001 -6.9707956e-001  2.3117700e-003 -2.0634417e-003 -9.5361070e-003
 -6.7361914e-001  8.9480508e-001 -7.0902102e-001  3.0951664e-003 -1.8194761e-003 -9.0636575e-003
 -6.9213894e-001  9.3223297e-001 -7.3907108e-001  2.4858951e-003 -1.6275649e-003 -8.9138977e-003
 -5.7303473e-001  9.0747901e-001 -5.9326106e-001  3.0708386e-004 -2.9381388e-003 -8.4091468e-003
 -4.8772452e-001  8.2598536e-001 -4.6294676e-001 -2.3213493e-003 -2.9246353e-003 -8.1806937e-003
 -4.7526279e-001  8.5693919e-001 -4.9816218e-001 -9.2407149e-004 -2.9409038e-003 -8.1140290e-003
 -5.4357449e-001  7.9716857e-001 -5.1320528e-001  1.1585128e-003 -2.8132345e-003 -8.8112505e-003
 -4.3403635e-001  7.5315195e-001 -4.5190801e-001  1.1892324e-004 -3.0353537e-003 -6.4220556e-003
 -5.1492349e-001  7.6134083e-001 -5.6578422e-001 -3.5462400e-004 -1.6930393e-003 -6.6070416e-003
 -6.2015760e-001  7.5275287e-001 -6.1113236e-001  6.1012708e-004 -1.9599121e-003 -7.3794384e-003
 -6.6320503e-001  8.0236941e-001 -5.8546299e-001  5.2088498e-005 -2.0274722e-003 -7.8012624e-003
 -6.8776082e-001  7.2892577e-001 -5.9640975e-001  1.7810508e-003 -1.2077831e-003 -8.7425775e-003
 -7.1516271e-001  7.6162954e-001 -5.9270032e-001  2.4676228e-003 -6.1939573e-004 -9.1089001e-003
 -7.0558796e-001  8.2074998e-001 -4.8849743e-001  2.0725357e-003 -7.1265632e-004 -9.5794742e-003
 -7.0506738e-001  8.7987364e-001 -5.2533305e-001  9.4139428e-004 -1.8330211e-003 -9.4471439e-003
 -7.1252097e-001  8.3581878e-001 -4.4774513e-001  2.3607944e-003 -2.2427978e-003 -9.7007535e-003
 -7.1629211e-001  9.2092638e-001 -4.1376422e-001  3.5031772e-003 -1.6925868e-003 -1.0449794e-002
 -6.9516695e-001  8.8388827e-001 -3.8533885e-001  5.7096730e-003 -2.4775434e-003 -1.0741222e-002
 -6.8126928e-001  9.3994600e-001 -3.7165740e-001  4.6705734e-003 -2.5048907e-003 -9.4809768e-003
 -6.8486538e-001  8.0460623e-001 -4.5303178e-001  3.0112855e-003 -1.8858938e-003 -1.0225279e-002
 -6.6193233e-001  8.2168314e-001 -4.9806495e-001  3.1353276e-003 -2.5679534e-003 -1.0433694e-002
 -6.1322472e-001  8.2216297e-001 -4.7976655e-001  3.0102339e-003 -2.2218181e-003 -9.8216299e-003
 -5.8736346e-001  8.4952901e-001 -4.6769653e-001  2.2057966e-003 -1.9062210e-003 -8.7563594e-003
 -6.2735658e-001  9.9199946e-001 -2.4600166e-001  1.0971038e-002 -1.6945536e-003 -4.2064267e-003
 -7.5095369e-001  1.0196836e+000 -2.4796893e-001  2.9108114e-003 -2.3048132e-003 -6.8745271e-003
 -7.0036776e-001  1.0312826e+000 -3.2645421e-001  2.3274193e-003 -2.8592365e-003 -7.6991599e-003
 -6.9802265e-001  1.0292797e+000 -3.7879017e-001  5.2360825e-004 -2.4460766e-003 -9.2851639e-003
 -7.0211648e-001  1.0156105e+000 -4.1786166e-001 -2.1443357e-004 -3.0436120e-003 -9.5568950e-003
 -7.4428096e-001  9.7979602e-001 -3.9322127e-001 -7.0853434e-004 -2.5030218e-003 -8.6341773e-003
 -5.9789388e-001  9.3593830e-001 -4.4568120e-001 -3.0533234e-003 -2.3572515e-003 -7.8955064e-003
 -5.9088987e-001  9.2835165e-001 -3.6414423e-001 -2.6953208e-003 -2.1784040e-003 -8.6902916e-003
 -6.1460800e-001  9.5289218e-001 -3.7436288e-001 -2.6072521e-003 -2.7345247e-003 -9.5787371e-003
 -5.7715638e-001  9.6797040e-001 -4.1379197e-001 -2.3936848e-003 -3.2148774e-003 -1.0705294e-002
 -5.7661415e-001  9.7105449e-001 -3.7601218e-001 -3.3052543e-003 -2.8733011e-003 -1.2213523e-002
 -5.0456615e-001  9.9622290e-001 -4.8729212e-001 -3.5179604e-003 -3.0359815e-003 -1.2283742e-002
 -5.2905539e-001  9.7539927e-001 -4.9013849e-001 -3.9882923e-003 -2.9739795e-003 -1.1569387e-002
 -5.9245124e-001  9.8615749e-001 -3.7403370e-001 -4.7926013e-003 -3.6881559e-003 -1.1413193e-002
 -6.1516862e-001  9.4347498e-001 -3.6998994e-001 -3.8278041e-003 -3.7003488e-003 -1.1798948e-002
 -6.4032904e-001  9.3399656e-001 -3.7175708e-001 -2.6291358e-003 -3.9190575e-003 -1.1460026e-002
 -6.2930220e-001  9.7035419e-001 -3.6227204e-001 -3.1223506e-003 -4.1265208e-003 -1.1155144e-002
 -4.6182013e-001  6.9575705e-001 -5.3621948e-002  4.3251483e-003 -4.8928031e-003 -1.2811647e-002
