  1.6519227e-031 -1.4654944e-014  0.0000000e+000  0.0000000e+000 -9.0307891e-051  4.4857496e-018
 -8.7376396e-002  3.9819829e-003 -4.1899054e-004  2.3111365e-003 -1.9420636e-004 -7.5033251e-004
 -1.9908288e-001  6.3399391e-002 -3.2790965e-002  2.9121854e-003 -1.3334667e-003 -1.5772552e-003
 -2.6598192e-001  3.4830111e-002 -1.3694712e-003  4.9440421e-003 -1.4255969e-003 -2.7060162e-003
 -3.8653428e-001 -6.4659575e-002  1.0928189e-001  8.1623769e-003 -1.6314300e-003 -3.1997320e-003
 -4.8924006e-001  7.7684768e-002  1.8376098e-001  6.7284081e-003 -1.3639069e-003 -5.8109936e-003
 -5.1685832e-001  5.0931378e-002  1.6324216e-001  8.3514522e-003 -1.7896885e-003 -3.9434005e-003
 -5.3394018e-001  1.0109739e-001  2.3555261e-001  9.7443200e-003 -2.4189619e-003 -2.3952905e-003
 -5.6796106e-001  5.1424707e-002  1.9629840e-001  8.8880605e-003 -1.9718670e-003 -4.0803379e-003
 -5.5815270e-001  7.5277502e-002  1.3780638e-001  8.5163153e-003 -2.7128575e-003 -4.4697496e-003
 -7.5172089e-001  1.4649113e-003  2.8032439e-001  3.8522981e-003 -3.1383359e-003 -4.9491663e-003
 -6.4863307e-001 -3.7707109e-003  1.5202195e-001  7.5018874e-003 -4.6342488e-003 -4.5647922e-003
 -6.4372446e-001  3.2916881e-002  3.6289064e-002  7.3305380e-003 -4.3134741e-003 -5.2462358e-003
 -5.7752822e-001  1.4488186e-001  2.8316929e-002  4.0284349e-003 -4.5062435e-003 -5.0577227e-003
 -5.5855659e-001  1.0804153e-001  5.4996712e-002  5.1441841e-003 -4.4867068e-003 -5.4694959e-003
 -4.9969305e-001  1.9432634e-002 -5.6109131e-003  6.7457213e-003 -4.4716060e-003 -5.9043749e-003
 -5.1830872e-001  3.1788668e-002 -3.1949535e-002  6.9393679e-003 -3.5182758e-003 -5.5722267e-003
 -5.2470927e-001  3.7776921e-002  2.9063104e-003  7.6590539e-003 -3.5673302e-003 -5.4599056e-003
 -5.9766724e-001  3.5837570e-002  6.1289374e-002  5.8355904e-003 -2.7453381e-003 -4.6989494e-003
 -6.0257463e-001  1.1350925e-001 -1.7067906e-002  6.2745146e-003 -2.1928017e-003 -4.7157403e-003
 -6.7771537e-001  1.9533479e-001 -5.3418478e-003  5.3177679e-003 -2.3414306e-003 -4.5849190e-003
 -6.5956806e-001  1.7575902e-001  3.6295579e-002  5.3703940e-003 -2.3669182e-003 -4.1701782e-003
 -7.2190226e-001  5.0396493e-001  5.4977885e-001 -3.8059783e-003 -2.6843372e-003 -1.0929814e-003
 -3.5226485e-001  6.6599755e-001  1.7971983e+000  8.7185750e-003 -4.5866893e-004  7.0442649e-003
 -3.3812765e-001  9.7309198e-001  1.4179604e+000  1.2075116e-002  2.0856976e-003  5.1437802e-003
 -3.7918588e-001  1.0125248e+000  1.3318742e+000  1.3714980e-002  3.0005544e-003  3.3349305e-003
 -4.3985282e-001  1.0690612e+000  1.2447847e+000  1.4047210e-002  1.9607746e-003  2.9387194e-003
 -4.6673979e-001  1.1111278e+000  1.2506592e+000  1.4105268e-002  1.7003926e-003  2.5849836e-003
 -5.0919067e-001  1.1024674e+000  1.2779391e+000  1.4235315e-002  1.9133235e-003  2.3084760e-003
 -5.0500042e-001  1.0760386e+000  1.2828349e+000  1.4458260e-002  1.9687123e-003  2.5939719e-003
 -4.7485739e-001  9.8342164e-001  1.3591765e+000  1.8706300e-002  4.2589829e-003  3.5704865e-003
 -5.1112648e-001  1.0677016e+000  1.3050745e+000  1.7306598e-002  3.7799377e-003  2.5393501e-003
 -5.0232321e-001  1.0368740e+000  1.2980096e+000  1.5041095e-002  3.1118590e-003  2.4408219e-003
 -4.5881841e-001  1.0454071e+000  1.2936185e+000  1.6415579e-002  2.9759142e-003  2.4005289e-003
 -4.6587225e-001  9.6122807e-001  1.1983528e+000  1.8674015e-002  3.2937584e-003  1.4222216e-003
 -4.8645935e-001  1.0044395e+000  1.1698015e+000  1.7083668e-002  2.9984750e-003  5.2143512e-004
 -5.0904152e-001  9.6585813e-001  1.1204501e+000  1.6526653e-002  2.9763588e-003 -4.2781034e-004
 -5.6674165e-001  9.1492461e-001  1.1405726e+000  1.6125778e-002  2.2680380e-003 -1.6786882e-003
 -5.3780259e-001  9.7322526e-001  1.1057173e+000  1.5815081e-002  1.5372521e-003 -1.9635843e-003
 -5.5122415e-001  1.0613656e+000  1.0712521e+000  1.4958198e-002  1.1577760e-003 -2.7176766e-003
 -5.9899242e-001  1.1059675e+000  1.0545632e+000  1.5213739e-002  7.4195070e-004 -2.9214659e-003
 -6.2743320e-001  1.2149221e+000  1.0926621e+000  9.9243464e-003  1.4122283e-003 -3.2710256e-003
 -6.1346415e-001  1.2746748e+000  1.1231174e+000  9.0764630e-003  6.6768497e-004 -3.0087377e-003
 -5.4832771e-001  1.4601387e+000  1.2821377e+000  7.9517735e-003  9.0782685e-004  3.5128108e-005
 -4.3644987e-001  1.3703049e+000  1.2918597e+000  1.0798480e-002  3.3516652e-004  1.4947757e-003
 -3.8876325e-001  1.3596121e+000  1.2728636e+000  1.1447419e-002  1.0149052e-003  1.0536592e-003
 -3.9264165e-001  1.3924538e+000  1.2215455e+000  1.1258637e-002  1.4842808e-003  1.0135508e-003
 -4.4310826e-001  1.3630026e+000  1.2147582e+000  1.2366179e-002  2.0021439e-003  1.0122265e-003
 -4.6078113e-001  1.3926180e+000  1.1645057e+000  1.2081675e-002  1.7365288e-003  8.7688333e-004
 -4.5391679e-001  1.4136796e+000  1.1760686e+000  1.2213472e-002  1.4049807e-003  4.0070420e-004
 -4.5142675e-001  1.4459949e+000  1.2046295e+000  5.9134659e-003  2.0485799e-003  1.6910022e-003
 -4.8228394e-001  1.5195330e+000  1.3252373e+000  4.7655969e-003  2.9596219e-003 -9.2852346e-004
 -4.8037653e-001  1.5314501e+000  1.2688346e+000  5.0357520e-003  1.4169201e-003 -1.1730736e-003
 -4.6013919e-001  1.5123490e+000  1.2733323e+000  7.4371765e-003  1.1290584e-003 -4.7402503e-006
 -4.6352632e-001  1.5485046e+000  1.2402012e+000  4.4381255e-003  2.5347528e-003 -2.3480762e-003
 -3.9969282e-001  1.5096682e+000  1.4646126e+000  1.5544711e-002  2.9702045e-003  3.4745174e-004
 -3.2117825e-001  1.7211186e+000  1.4693803e+000  5.4493151e-003  4.5882056e-003  2.6663112e-003
 -3.0565749e-001  1.6977735e+000  1.4164840e+000  6.2648828e-003  3.2035413e-003  2.3033973e-003
 -2.5181021e-001  1.6356582e+000  1.3044700e+000  6.8460698e-003  3.2161035e-003  2.2253028e-003
 -2.6034866e-001  1.5611787e+000  1.2858583e+000  8.2217320e-003  4.0833918e-003  4.4309736e-004
 -2.5715696e-001  1.4871144e+000  1.2334984e+000  7.6058625e-003  3.2195549e-003 -5.5543983e-004
 -2.3455791e-001  1.5515497e+000  1.2821052e+000  7.3206832e-003  2.9757544e-003  9.8164991e-004
 -2.5820658e-001  1.5603012e+000  1.3125715e+000  8.0389371e-003  3.9051480e-003  9.8507093e-004
 -2.5383501e-001  1.6067770e+000  1.3896377e+000  7.5840569e-003  4.1483160e-003  1.2387698e-003
 -2.5319798e-001  1.6709469e+000  1.3536534e+000  7.0660022e-003  3.9725406e-003  1.1353123e-003
 -2.5649658e-001  1.6628127e+000  1.3386785e+000  7.6586988e-003  3.6916453e-003  1.4961009e-003
 -2.7503867e-001  1.6903775e+000  1.2822737e+000  7.8566985e-003  3.3293831e-003  5.1708968e-004
 -2.8984632e-001  1.6822850e+000  1.2351946e+000  8.7163136e-003  3.2168572e-003  8.7634593e-004
 -2.9918918e-001  1.6937710e+000  1.2438838e+000  8.6264510e-003  3.2465241e-003  8.1146711e-004
 -2.9317145e-001  1.7096191e+000  1.2465229e+000  9.0092286e-003  3.1999299e-003  7.1974471e-004
 -3.1270863e-001  1.5690127e+000  1.1800319e+000  1.0649523e-002  3.8318820e-003  8.3791691e-004
 -2.5879120e-001  1.5987484e+000  1.0352827e+000  1.1733985e-002  3.7813491e-003  9.3677241e-004
 -2.7956851e-001  1.8279498e+000  1.2698347e+000 -3.4413446e-003  2.9343552e-003  3.3608981e-003
 -2.0253299e-001  2.0141937e+000  1.4403773e+000  2.1008953e-004  2.2165984e-003  4.3851324e-003
 -2.1785442e-001  2.0269846e+000  1.3776167e+000  2.0413950e-003  3.6498578e-003  3.7630221e-003
 -2.3409345e-001  2.0195985e+000  1.3571143e+000  2.0839440e-003  3.6786199e-003  4.1102557e-003
 -2.1735023e-001  1.6979213e+000  1.5028226e+000  1.2987245e-002  3.6871671e-003  2.2281952e-003
 -2.0719335e-001  1.8319425e+000  1.5124225e+000  1.8579247e-002  1.3498191e-003  2.5478041e-003
 -3.2805633e-001  1.9734435e+000  1.4830270e+000  1.3750938e-002  1.4830483e-003  3.0641593e-003
 -3.1108351e-001  1.9834699e+000  1.5647464e+000  1.3503395e-002  2.6204771e-003  2.2246519e-003
 -3.2266091e-001  1.9589011e+000  1.5584633e+000  1.3739712e-002  3.1844618e-003  1.6806122e-003
 -3.2033437e-001  1.9613738e+000  1.5070166e+000  1.3125118e-002  3.2455388e-003  1.3337909e-003
 -3.2162606e-001  1.9856534e+000  1.5375964e+000  1.3243607e-002  3.2087034e-003  1.9236489e-003
 -3.5265834e-001  1.9914622e+000  1.5631603e+000  1.2374348e-002  3.8542815e-003  1.2462005e-003
 -3.0710766e-001  1.9734646e+000  1.5324586e+000  1.1915487e-002  3.5775646e-003  5.8026613e-004
 -3.7655747e-001  2.0261772e+000  1.5275675e+000  1.1279174e-002  4.1872489e-003  8.6450712e-004
 -3.5690641e-001  2.0353378e+000  1.5569560e+000  1.1459405e-002  4.2308252e-003  6.0343664e-004
 -3.7493865e-001  1.9880432e+000  1.5007480e+000  1.1607678e-002  4.2207814e-003  1.2208587e-006
 -4.2577050e-001  1.9750976e+000  1.4491102e+000  1.1401047e-002  3.7758299e-003  1.4987828e-004
 -4.0463358e-001  1.9294867e+000  1.4783572e+000  1.1403865e-002  4.3900411e-003 -3.4494712e-004
 -4.1209761e-001  1.8854658e+000  1.4342640e+000  1.2794937e-002  4.3433883e-003 -8.6942931e-004
 -4.1419006e-001  1.8080829e+000  1.3331470e+000  1.1542308e-002  5.1227281e-003 -1.4271713e-003
 -4.3024847e-001  1.7349299e+000  1.3572574e+000  1.2721523e-002  4.5376737e-003 -1.0564572e-003
 -3.8675179e-001  1.7775207e+000  1.2959297e+000  1.3619353e-002  4.1406421e-003 -4.5440594e-004
 -3.5581203e-001  1.7715525e+000  1.2927703e+000  1.3875842e-002  4.2778561e-003  2.4867042e-004
 -1.9422195e-001  1.5849596e+000  1.3505252e+000  1.8559173e-002  4.9211167e-003  2.7262202e-003
 -2.3084763e-001  1.6168675e+000  1.3498375e+000  1.7447787e-002  4.1190481e-003  1.9839904e-003
 -2.8147882e-001  1.5067292e+000  1.3069119e+000  1.4898927e-002  3.7030207e-003  9.1388281e-004
 -2.8041247e-001  1.5245488e+000  1.3169396e+000  1.4751186e-002  4.0503418e-003  6.2287826e-004
